Cd.México	Acapulco	Aguascalientes	Atlacomulco	Campeche	Cancún	Cd.Acuña	Cd.Jiménez	Cd.Juárez	Chetumal	Chihuahua	Coatzacoalcos	Colima	Córdoba	Cortazar	Cuernavaca	Culiacán	Durango	Esperanza	Fresnillo	Guadalajara	Hermosillo	Huatabampo	Iguala	IzúcarDeMatamoros	Jacona	LaPaz	León	Matamoros	Mérida	Mexicali	Monclova	Monterrey	Morelia	Oaxaca	Pachuca	Puebla	Querétaro	Saltillo	SanAndrésTuxtla	SanLuisPotosí	Tampico	Tapachula	Tehuantepec	Tepatitlán	Tepic	Tijuana	Tlaxcala	Toluca	Torreón	Tulancingo	TuxtlaGutiérrez	Veracruz	Villahermosa	Zacatecas
86.159	87.659	86.612	-	87.091	-	89.736	88.399	88.152	90.240	87.247	-	87.600	87.370	85.259	87.189	94.356	85.376	-	86.301	86.931	90.736	96.368	86.073	-	85.526	91.197	85.703	86.405	87.575	91.804	88.403	89.005	87.066	86.699	-	86.895	84.547	-	88.643	87.169	88.785	88.026	89.828	82.297	86.855	81.936	86.915	86.315	86.918	85.534	-	88.889	89.383	-
86.301	87.705	86.721	-	87.217	-	89.546	88.601	88.307	90.318	87.521	-	87.849	87.449	85.350	87.223	94.610	85.472	-	86.175	87.361	91.148	96.317	86.703	-	85.641	91.236	86.128	86.539	87.661	91.770	88.362	89.297	87.257	86.773	-	87.079	84.882	-	88.635	87.254	88.870	87.483	89.671	82.412	86.929	82.610	86.820	86.453	87.096	85.503	-	89.068	89.588	-
86.537	88.161	86.893	-	87.323	-	90.414	88.750	88.955	90.528	87.744	-	87.980	87.568	85.605	87.291	94.914	86.308	-	86.212	87.461	91.239	96.150	87.456	-	86.191	91.401	86.317	87.501	87.879	94.797	88.654	89.523	87.526	87.089	-	87.336	85.298	-	88.515	87.242	88.947	87.947	89.838	82.899	87.277	84.491	87.265	86.545	87.165	85.736	-	89.349	89.840	-
86.611	88.099	86.950	-	86.508	-	84.616	88.642	89.128	89.449	87.654	-	87.994	87.783	85.853	87.392	94.907	86.726	-	86.356	87.458	91.257	96.687	86.946	-	86.331	91.405	86.757	87.555	86.850	94.082	87.295	88.636	87.494	87.221	-	87.554	84.983	-	88.791	87.483	88.011	88.046	89.411	83.419	87.161	84.266	87.376	86.597	86.716	85.884	-	88.415	88.962	-
86.641	87.776	86.930	-	86.675	-	85.037	88.169	87.588	89.609	87.225	-	87.664	87.765	85.993	87.349	87.400	86.709	-	86.257	87.386	88.060	87.752	87.000	-	85.969	88.402	86.810	85.810	86.824	86.855	87.568	88.588	87.465	87.154	-	87.354	84.954	-	88.773	87.284	88.058	88.504	89.234	83.712	87.068	84.476	86.974	86.702	86.438	85.754	-	88.343	89.038	-
86.781	87.839	86.907	-	86.737	-	85.565	87.931	87.828	89.717	87.300	-	87.944	87.693	86.155	87.612	87.590	86.569	-	86.342	87.652	88.236	88.093	87.000	-	86.102	88.638	86.931	86.337	87.006	87.191	87.555	88.619	87.472	87.201	-	87.547	84.907	-	88.774	87.287	88.045	88.503	89.114	84.226	87.485	84.701	87.398	86.866	86.514	85.927	-	88.305	89.049	-
86.854	87.932	87.036	-	86.756	-	85.761	88.074	87.886	89.863	87.499	-	88.109	87.615	86.144	87.486	87.687	86.819	-	86.535	87.868	88.283	88.256	86.725	-	86.519	89.222	87.041	86.498	87.243	87.448	87.554	88.700	87.758	87.447	-	87.488	85.298	-	89.036	87.643	88.040	88.187	89.161	84.863	87.844	84.873	87.754	86.992	86.627	85.883	-	88.481	89.255	-
87.031	88.121	87.106	-	87.144	-	85.982	88.120	88.138	90.237	87.608	-	88.154	87.791	86.336	87.710	87.882	87.127	-	86.906	87.950	88.541	88.013	87.164	-	86.628	89.063	87.126	86.509	87.224	87.461	87.703	88.948	88.002	87.553	-	87.725	86.221	-	89.148	87.856	88.080	88.970	89.304	84.584	87.979	85.067	87.775	87.120	86.614	86.207	-	88.691	89.403	-
87.402	88.368	87.238	-	87.562	-	86.052	88.765	88.251	90.371	87.787	-	88.522	88.067	86.711	88.018	88.193	87.425	-	87.327	88.524	88.880	88.207	87.461	-	86.946	89.385	87.541	85.933	87.434	87.805	88.075	89.191	88.167	87.824	-	88.011	86.594	-	89.220	87.998	88.486	89.371	89.767	85.098	88.100	85.786	88.117	87.409	86.776	86.794	-	88.938	89.678	-
87.552	88.681	87.426	-	88.764	-	91.808	88.957	87.803	91.741	87.944	-	88.667	88.252	86.982	88.185	88.376	87.545	-	87.438	88.873	89.035	88.590	88.263	-	86.960	89.620	87.536	86.093	88.786	86.953	89.647	90.352	88.284	88.141	-	88.349	86.478	-	89.505	88.208	89.986	89.471	90.684	85.613	88.372	85.678	88.154	87.459	87.983	87.169	-	90.452	90.979	-
87.701	88.810	87.437	-	88.571	-	91.316	88.964	89.155	92.031	88.337	-	88.980	88.490	86.948	88.256	95.811	87.560	-	87.360	88.762	92.087	97.511	88.364	-	86.674	92.451	87.422	88.230	88.687	94.733	89.637	90.351	88.308	88.483	-	88.470	86.735	-	89.533	88.239	89.834	89.413	90.429	85.680	88.349	85.401	88.337	87.500	87.993	86.795	-	90.509	90.889	-
88.196	89.350	87.845	-	88.946	-	90.994	89.312	89.335	92.161	88.445	-	89.488	88.946	86.959	88.773	95.898	87.573	-	87.575	89.162	92.342	97.249	88.888	-	87.148	92.915	87.635	88.066	89.090	94.838	89.810	90.590	88.583	88.934	-	89.249	87.398	-	90.010	88.534	89.971	89.848	91.196	85.620	88.732	85.836	88.948	87.828	88.287	87.129	-	90.823	90.982	-
88.461	90.051	88.201	-	89.399	-	91.595	89.704	90.417	92.505	88.758	-	89.503	89.151	87.671	88.748	96.006	88.032	-	88.157	89.731	92.349	97.349	89.190	-	87.934	93.131	87.850	89.212	89.035	95.603	90.063	90.779	88.724	89.396	-	89.408	87.383	-	90.763	88.993	90.263	90.219	91.957	85.432	88.967	86.741	89.332	88.080	88.611	87.361	-	91.061	91.394	-
88.878	90.296	88.539	-	89.470	-	92.018	90.123	90.786	92.665	89.223	-	89.900	89.523	88.044	89.167	96.459	88.571	-	89.060	89.993	92.836	97.598	89.315	-	88.416	93.683	88.447	89.408	89.298	95.287	90.540	91.292	89.310	89.725	-	89.870	87.818	-	90.872	89.404	90.805	90.100	92.306	86.183	89.429	87.066	89.553	88.525	89.250	88.219	-	91.414	91.508	-
89.077	90.388	88.462	-	89.565	-	91.919	90.192	90.914	92.614	89.535	-	90.222	89.546	88.301	89.618	96.614	88.614	-	88.792	90.311	92.987	97.635	89.557	-	88.412	93.673	88.719	89.348	89.358	94.960	90.805	91.400	89.503	89.774	-	89.776	88.037	-	91.286	89.284	90.865	90.224	92.138	86.597	89.676	86.843	89.595	88.729	89.384	88.355	-	91.505	91.688	-
88.921	90.086	88.465	-	88.810	-	86.237	89.971	91.458	91.697	89.613	-	90.036	89.741	88.207	89.662	96.618	88.586	-	88.740	90.484	92.730	97.533	89.023	-	88.550	93.607	88.914	89.729	88.655	96.191	89.195	90.261	89.656	90.001	-	89.774	87.797	-	91.338	89.497	89.771	90.196	91.592	86.947	89.320	87.468	89.809	88.664	88.379	88.439	-	90.214	90.632	-
88.946	90.084	88.494	-	89.077	-	86.753	89.477	89.884	92.004	89.639	-	89.717	89.989	88.191	89.734	89.395	88.443	-	88.628	90.540	89.910	89.115	89.079	-	88.524	90.485	88.877	87.776	88.965	88.072	89.183	90.250	89.663	90.083	-	89.926	88.037	-	91.340	89.381	89.623	90.439	91.519	86.822	89.445	87.429	89.843	88.719	88.105	88.582	-	90.419	90.793	-
88.961	90.170	88.613	-	89.247	-	87.596	89.134	90.082	91.988	89.411	-	89.913	90.127	88.325	89.804	89.409	88.458	-	88.958	90.552	89.913	89.273	88.983	-	88.580	90.596	88.822	88.341	89.070	88.752	89.365	90.314	89.666	90.206	-	89.933	88.062	-	91.464	89.346	89.630	90.589	92.100	87.128	89.804	87.946	89.858	88.815	88.361	88.480	-	90.456	90.572	-
89.381	90.286	88.700	-	89.643	-	87.147	88.686	90.175	92.038	89.678	-	90.155	90.242	88.689	89.891	89.578	88.940	-	88.988	90.695	90.235	89.510	88.763	-	88.912	90.888	89.016	88.247	88.966	89.308	89.262	90.505	89.893	90.258	-	89.905	88.354	-	91.608	89.411	89.780	90.623	92.016	88.235	89.972	88.184	89.607	88.954	88.531	88.669	-	90.537	91.002	-
89.636	90.502	89.216	-	89.921	-	87.520	88.798	90.137	92.597	90.070	-	90.383	90.580	89.061	90.032	90.021	89.041	-	89.244	90.863	90.784	89.484	88.817	-	89.048	91.277	89.424	88.591	89.020	88.076	89.780	90.992	90.094	90.235	-	90.387	88.894	-	91.745	89.786	90.196	91.217	92.100	88.708	90.292	87.817	89.997	89.244	88.917	88.659	-	90.685	91.240	-
90.216	91.246	89.905	-	90.428	-	88.411	89.264	90.620	92.733	90.458	-	90.832	90.898	89.615	90.703	90.432	89.223	-	89.839	91.344	91.137	90.103	89.643	-	89.833	91.556	89.955	89.404	89.737	88.426	90.323	91.635	90.851	90.938	-	91.175	89.273	-	92.286	90.514	90.761	91.769	92.749	89.071	90.659	88.172	90.624	89.626	89.353	89.231	-	91.084	91.708	-
90.383	91.677	90.014	-	91.743	-	94.467	89.541	91.047	93.815	90.740	-	90.961	91.137	89.440	90.945	90.562	89.727	-	89.856	91.535	91.451	90.738	90.844	-	89.770	91.792	90.098	89.724	91.227	89.379	91.920	92.835	91.000	91.281	-	91.336	89.532	-	92.585	90.796	92.254	91.899	93.545	89.570	90.910	88.960	90.642	90.013	90.411	89.625	-	92.682	92.965	-
90.620	92.067	90.349	-	91.919	-	95.227	90.311	92.795	94.076	91.552	-	91.703	91.194	89.669	91.183	97.994	89.733	-	89.776	91.720	94.581	99.328	91.248	-	90.153	94.668	90.529	92.261	91.707	98.113	91.763	93.108	91.280	91.491	-	91.838	89.868	-	92.627	90.840	92.479	92.224	93.851	89.475	91.340	89.216	90.918	89.985	90.728	89.892	-	92.959	93.201	-
91.052	92.756	91.186	-	92.348	-	95.654	90.878	93.621	94.773	91.852	-	92.215	91.703	89.886	91.497	98.348	89.877	-	89.998	92.119	94.920	99.309	91.605	-	90.221	95.056	90.944	92.626	92.136	98.634	92.278	93.460	91.326	91.978	-	92.146	90.257	-	92.997	91.232	92.791	92.695	93.934	90.047	91.803	90.095	91.290	90.558	90.879	90.189	-	93.422	93.571	-
92.208	93.544	93.297	-	93.796	-	99.096	93.163	96.127	96.020	93.588	-	93.559	92.977	91.477	93.255	99.942	91.736	-	91.604	93.665	96.511	100.742	92.916	-	92.732	96.958	93.360	95.912	93.730	101.253	94.520	95.117	93.396	93.508	-	93.081	91.733	-	94.105	92.817	94.254	93.602	94.674	91.818	93.002	92.424	92.297	92.883	93.680	91.317	-	94.509	94.996	-
92.811	93.876	93.745	-	94.381	-	99.976	93.908	95.946	96.325	94.446	-	94.049	93.558	92.273	93.932	100.623	92.511	-	92.301	94.245	96.702	100.854	93.084	-	93.082	97.740	93.792	96.871	94.239	101.907	95.203	95.722	93.731	93.893	-	93.557	92.475	-	94.117	93.067	94.798	93.564	94.789	92.664	93.351	92.804	92.843	93.289	94.439	92.006	-	94.704	95.424	-
93.579	94.577	94.024	-	94.793	-	100.092	94.087	96.047	96.842	94.875	-	94.619	94.153	92.902	94.594	101.144	93.260	-	93.221	94.860	97.154	101.395	94.279	-	93.773	98.280	94.286	95.780	94.741	102.193	95.587	96.081	94.318	94.592	-	94.256	93.125	-	94.696	93.705	95.138	93.771	95.167	93.514	93.970	93.245	93.802	93.898	94.887	92.781	-	95.213	95.955	-
94.062	94.831	94.612	-	94.159	-	93.851	94.464	96.443	96.208	95.281	-	95.049	94.578	93.620	95.226	101.223	93.939	-	93.827	95.128	97.621	102.086	93.935	-	94.309	98.714	94.545	96.149	93.892	102.522	94.287	95.266	94.779	94.860	-	94.838	93.414	-	95.551	94.430	94.624	94.223	95.542	94.063	94.218	93.832	94.296	94.271	94.180	93.387	-	94.464	95.481	-
94.549	95.277	94.836	-	94.574	-	94.504	93.997	95.172	95.932	94.484	-	94.728	95.015	93.975	95.409	94.125	94.407	-	94.291	95.171	94.811	94.255	94.192	-	94.530	95.847	94.847	94.492	94.185	94.498	94.635	95.535	95.302	95.439	-	95.470	93.642	-	95.735	95.066	94.858	94.441	95.685	94.371	94.526	93.959	95.076	94.302	94.679	93.780	-	95.016	95.615	-
94.742	95.295	95.016	-	95.127	-	94.592	94.144	95.667	95.881	94.724	-	95.130	95.286	94.531	95.690	94.312	94.463	-	94.517	95.563	95.075	94.579	94.106	-	94.875	95.909	95.144	94.739	94.612	94.997	94.713	95.808	95.393	95.731	-	95.690	93.709	-	96.058	95.192	95.140	94.727	95.836	94.634	94.773	94.299	95.243	94.603	94.989	93.769	-	95.327	96.054	-
95.100	95.593	95.632	-	95.562	-	94.829	94.923	95.872	96.283	95.039	-	95.731	95.637	95.208	95.850	94.898	94.917	-	95.209	95.928	95.724	94.736	94.481	-	95.633	96.399	95.577	94.726	94.896	95.137	94.584	96.232	95.853	95.775	-	95.727	94.137	-	96.538	95.327	95.486	95.254	96.269	94.858	95.391	94.511	95.489	95.272	95.123	94.004	-	95.727	96.380	-
95.503	95.910	95.846	-	95.953	-	95.406	95.620	96.680	97.654	95.671	-	96.001	96.083	95.778	96.289	95.917	95.398	-	95.458	96.297	96.194	95.732	95.307	-	96.208	96.798	95.992	95.299	95.271	95.391	95.472	96.524	96.325	96.161	-	96.362	94.780	-	96.800	95.737	95.974	96.484	97.446	94.855	95.478	94.557	96.403	95.884	95.737	94.916	-	96.071	96.725	-
95.707	96.092	96.211	-	96.161	-	96.112	96.750	97.020	98.044	96.293	-	96.247	96.104	96.284	96.389	96.167	95.784	-	96.148	96.580	96.855	96.106	95.476	-	96.756	97.232	96.323	95.780	95.562	95.585	96.082	96.971	96.586	96.309	-	96.811	95.049	-	96.837	96.214	96.512	96.722	97.556	95.161	95.568	94.779	95.934	96.186	95.927	95.519	-	96.290	96.783	-
96.132	96.774	96.233	-	97.483	-	101.704	96.653	97.315	99.520	96.505	-	96.283	96.224	96.767	96.480	96.515	96.072	-	96.398	96.767	97.030	96.825	96.413	-	96.988	97.408	96.456	96.132	96.800	95.910	97.994	98.281	96.807	96.712	-	96.733	95.252	-	97.219	96.463	97.936	96.698	98.364	95.215	95.846	95.560	96.375	96.319	97.149	96.066	-	97.655	98.094	-
96.822	97.668	96.764	-	97.830	-	102.127	97.597	99.262	99.911	97.756	-	96.986	96.912	97.263	97.130	104.064	96.590	-	97.069	97.205	100.125	105.686	97.180	-	97.303	100.664	97.019	98.665	97.229	104.375	98.273	98.391	97.200	97.053	-	97.516	95.838	-	97.941	96.826	98.070	97.391	98.780	95.640	96.467	96.438	97.385	96.647	97.598	96.559	-	98.371	98.679	-
97.509	98.237	97.543	-	98.483	-	102.495	98.040	99.979	100.178	97.971	-	97.674	97.822	97.541	97.748	104.369	96.951	-	97.618	97.787	100.512	105.803	97.364	-	97.858	100.896	97.389	99.202	98.101	104.771	98.443	98.681	97.996	97.817	-	98.301	96.487	-	98.418	97.238	98.543	97.957	99.388	96.397	96.873	97.087	98.110	97.379	98.400	96.932	-	99.325	99.167	-
97.980	98.528	98.025	-	99.179	-	103.276	98.766	100.304	100.942	98.396	-	98.156	98.614	98.434	98.292	105.329	97.683	-	98.000	98.140	101.341	106.639	97.700	-	98.534	101.254	98.228	99.958	98.503	105.026	99.388	99.119	98.426	98.453	-	98.460	97.033	-	98.645	98.173	98.945	98.767	99.181	97.513	97.387	96.971	98.574	97.997	99.193	98.534	-	99.740	99.613	-
98.359	98.667	98.632	-	99.526	-	103.563	99.712	100.619	101.165	99.004	-	98.486	98.762	98.716	98.359	105.595	98.131	-	98.445	98.504	101.515	106.674	97.916	-	98.510	101.526	98.512	100.594	98.877	105.611	99.945	99.426	98.519	98.447	-	98.585	97.756	-	98.494	98.801	99.497	98.549	99.409	98.905	97.766	97.906	98.586	98.486	99.600	98.985	-	99.741	99.662	-
98.726	99.209	98.891	-	99.888	-	103.724	99.802	100.995	101.012	99.461	-	98.682	99.087	98.145	98.667	106.004	98.504	-	98.736	98.872	101.779	106.875	98.284	-	98.664	101.748	98.629	101.013	99.395	106.075	100.094	99.817	98.685	98.765	-	98.660	98.139	-	99.074	99.089	99.745	99.141	99.375	99.150	98.485	98.311	98.626	98.903	99.791	98.866	-	100.351	100.221	-
98.604	98.830	98.969	-	98.873	-	98.317	99.527	101.010	99.755	99.341	-	98.661	99.066	98.168	98.747	106.048	98.534	-	98.468	98.766	101.848	107.175	98.073	-	98.632	101.435	98.969	101.293	98.209	106.221	98.783	98.909	98.642	98.832	-	98.638	98.283	-	98.533	98.998	98.875	99.209	98.489	99.337	98.060	98.239	99.062	98.740	98.739	98.636	-	98.930	99.115	-
99.028	99.064	99.092	-	99.155	-	98.840	98.863	99.376	99.545	99.004	-	98.621	99.231	98.486	99.178	98.990	98.756	-	98.336	99.201	99.019	98.927	98.740	-	98.970	98.643	99.186	99.234	98.646	98.726	99.266	98.899	98.811	98.939	-	99.190	98.308	-	99.019	99.142	99.119	99.472	98.739	99.243	98.213	98.759	99.406	99.122	98.744	98.976	-	99.211	99.278	-
99.473	99.351	99.334	-	99.409	-	99.540	99.119	99.572	99.478	99.387	-	99.041	99.385	99.087	99.554	99.154	99.158	-	99.119	99.556	99.282	99.149	98.817	-	99.251	99.102	99.328	99.713	99.310	99.262	99.267	99.263	99.282	99.379	-	99.481	98.944	-	99.622	99.219	99.280	99.828	99.446	99.386	98.860	99.394	99.374	99.376	99.468	99.295	-	99.316	99.565	-
99.947	99.929	99.916	-	99.883	-	99.942	99.853	99.990	99.894	99.908	-	99.916	99.872	99.797	99.908	99.803	99.891	-	99.882	99.972	99.942	99.816	99.690	-	99.875	99.804	99.849	99.950	99.961	100.008	99.793	99.863	99.919	99.893	-	99.911	99.823	-	99.929	99.855	99.900	99.917	99.944	99.969	99.916	99.897	99.939	99.831	99.813	99.796	-	99.828	99.925	-
100.519	100.694	100.592	100.374	100.462	100.287	100.668	100.593	100.472	100.683	100.319	100.688	100.206	100.547	100.805	100.458	100.605	100.339	100.238	100.847	100.447	100.465	100.405	100.466	100.477	100.300	100.461	100.150	100.737	100.352	100.314	100.454	100.479	100.555	100.445	100.517	100.796	100.379	100.539	100.329	100.754	100.512	100.880	100.226	100.401	100.311	100.445	100.687	100.180	100.494	100.116	100.661	100.249	100.250	100.348
100.831	100.921	101.035	100.926	100.815	100.587	101.047	100.874	101.098	101.059	100.543	100.824	100.703	100.997	101.114	100.790	101.163	100.844	100.721	101.538	101.093	100.638	101.147	101.179	100.851	100.969	101.037	100.732	101.644	100.980	100.946	101.180	100.836	100.809	100.983	100.877	101.016	101.027	100.875	100.440	101.236	100.946	101.137	101.511	100.754	100.749	101.257	100.964	100.549	100.576	100.380	101.051	100.552	100.644	101.059
101.157	101.488	101.079	100.955	102.353	102.096	105.024	101.082	101.583	102.714	100.945	101.716	100.967	101.304	101.341	101.092	101.356	101.127	101.020	102.038	101.292	100.997	101.315	101.860	100.991	101.435	101.440	101.164	101.825	102.050	101.269	103.282	102.243	101.015	101.514	101.128	101.363	101.226	101.021	101.122	101.260	102.854	101.464	102.923	101.024	100.959	101.779	101.236	100.624	101.781	100.764	101.402	102.053	102.133	101.459
101.688	102.145	101.578	101.703	102.711	102.391	104.978	102.422	103.947	103.074	102.580	102.000	101.890	101.844	101.470	101.765	105.153	101.641	105.213	102.648	101.621	105.562	105.024	101.929	101.700	101.687	104.408	101.561	104.393	102.590	107.235	103.022	102.704	101.117	101.970	101.731	102.468	101.983	101.678	101.847	101.820	102.714	102.118	103.463	101.451	101.407	102.566	102.272	100.964	102.350	101.744	101.790	102.511	102.204	101.817
102.585	103.068	102.116	102.979	103.161	103.242	105.002	102.810	104.189	103.936	103.051	102.614	102.444	102.574	102.673	102.792	105.335	102.054	105.356	103.370	102.073	106.389	105.400	102.393	102.937	102.677	104.899	102.169	104.546	103.207	107.676	103.293	103.310	101.506	102.785	102.340	103.483	102.859	102.292	102.834	102.315	103.201	103.273	104.581	102.484	101.906	103.168	102.915	102.276	102.929	102.543	102.295	103.351	102.498	101.982
102.653	104.669	102.634	103.530	103.675	103.420	104.811	103.718	102.826	104.037	103.174	102.823	102.455	102.653	102.836	102.687	105.562	102.636	105.216	103.694	102.078	106.252	106.207	102.932	103.207	103.148	104.974	102.434	103.565	103.322	106.065	103.525	103.548	101.889	103.102	102.528	103.410	103.735	102.395	103.574	102.938	103.436	102.816	104.438	102.502	102.258	101.579	102.863	102.327	104.156	102.795	102.075	103.307	102.936	102.082
102.513	104.136	102.657	102.470	103.918	104.057	104.324	104.221	102.716	104.306	103.564	102.658	102.561	102.327	102.877	102.549	105.678	102.951	105.416	103.216	102.468	106.111	106.403	102.463	102.543	103.245	105.310	102.357	103.939	103.576	106.258	103.621	103.791	101.599	102.847	102.366	103.073	103.271	102.670	103.225	103.167	103.507	102.133	104.806	102.600	102.606	101.428	102.318	102.420	104.194	102.813	102.103	103.273	103.063	102.204
102.859	103.991	102.931	103.017	104.504	104.421	104.934	104.412	103.123	104.750	104.200	102.953	103.201	103.054	102.956	102.912	106.238	103.197	105.804	103.313	103.275	106.577	106.785	102.551	102.681	103.576	106.251	102.754	104.159	104.221	106.794	103.984	104.090	102.131	102.978	102.813	103.587	103.556	103.113	103.295	103.424	103.529	102.446	105.477	103.157	102.860	102.218	102.824	102.461	104.429	103.056	102.496	103.412	103.551	102.455
103.291	104.210	102.781	103.295	103.794	103.973	102.026	104.733	103.370	103.880	104.539	102.245	103.339	103.300	103.055	103.523	106.521	103.361	105.969	103.427	103.646	106.768	106.726	102.375	102.980	103.568	106.562	102.919	104.242	103.484	106.913	102.521	102.993	102.067	103.374	103.171	103.751	103.993	103.546	103.818	103.565	101.744	102.902	104.514	103.795	102.909	102.656	102.912	102.758	103.569	103.469	102.887	102.399	102.766	102.443
103.523	104.575	102.989	104.115	104.010	103.888	101.822	103.604	101.501	104.073	103.399	102.249	102.983	103.424	102.799	103.493	102.910	103.470	101.842	103.471	103.827	102.338	103.074	102.653	102.866	103.415	103.864	103.132	102.458	103.596	101.684	102.737	102.945	102.363	103.278	103.213	104.078	104.194	103.394	104.301	103.468	101.941	102.994	104.989	103.796	102.957	102.418	102.904	102.727	103.552	103.597	102.772	102.529	102.620	102.472
103.741	104.452	103.079	103.911	103.929	104.137	101.594	103.244	101.840	103.978	103.302	102.409	103.132	103.662	102.377	103.624	102.812	103.486	102.025	103.088	103.893	102.404	103.341	102.790	102.549	103.585	104.139	103.171	102.471	103.689	101.582	102.932	102.998	102.176	103.473	103.297	104.303	104.471	103.270	104.212	103.537	101.736	102.867	105.350	104.041	102.758	102.677	102.941	102.423	103.481	103.863	102.758	102.403	102.375	102.261
104.079	105.020	103.796	104.272	104.288	104.715	101.907	103.733	102.018	104.368	103.571	102.671	103.659	103.815	102.445	103.761	103.213	103.908	102.426	103.743	103.993	102.909	104.062	103.433	103.323	104.198	104.524	103.747	102.911	104.084	101.735	103.117	103.762	102.718	104.338	103.399	104.629	104.585	103.788	104.644	104.160	102.381	103.125	106.702	104.145	103.095	102.851	103.254	102.503	104.118	103.650	102.837	102.769	103.551	102.781
103.817	104.465	103.945	103.256	104.315	104.555	101.906	103.596	102.260	104.628	103.735	102.994	103.688	103.873	102.779	103.475	103.514	104.086	102.943	103.655	104.003	103.157	104.283	103.354	102.958	104.419	104.472	104.115	103.166	104.136	101.978	103.354	103.814	102.853	104.069	103.023	104.355	104.913	103.700	104.441	103.969	102.570	103.700	106.785	104.134	103.188	102.964	103.014	102.386	104.195	103.016	103.160	102.793	103.973	103.029
104.134	104.682	104.220	103.465	104.455	105.008	102.463	104.016	102.713	104.826	104.211	103.150	103.947	104.002	103.521	103.668	103.915	104.578	102.897	104.183	104.124	103.385	104.175	103.271	103.045	104.562	104.511	104.624	103.437	104.400	101.921	103.536	104.038	102.998	104.038	103.521	104.743	105.326	104.116	104.339	104.299	102.765	103.730	106.680	104.356	103.563	103.281	103.421	102.674	104.623	103.236	103.375	103.205	103.951	103.590
104.372	105.188	104.730	103.337	106.137	106.201	105.961	104.087	102.915	106.383	104.561	104.503	104.201	104.425	103.852	104.099	104.178	105.120	103.038	104.624	104.543	103.559	104.496	103.966	103.661	104.609	104.974	104.640	103.929	105.715	101.952	105.172	105.636	103.314	104.363	104.057	105.642	105.907	104.384	105.067	104.532	104.882	104.258	107.525	104.863	103.936	103.360	103.745	102.910	105.872	103.485	103.647	104.720	105.790	104.207
104.952	105.690	105.094	104.200	106.687	106.645	106.220	105.411	105.090	106.262	105.732	105.000	104.907	105.104	104.304	104.530	108.222	105.380	107.463	105.031	105.060	108.334	108.261	104.273	105.000	104.870	107.845	104.490	106.423	106.314	107.198	105.426	105.892	104.013	104.898	104.513	106.540	106.387	104.695	105.843	104.906	105.132	104.809	107.686	104.716	104.246	103.534	104.650	103.402	106.675	103.771	104.137	104.968	106.087	104.593
105.659	106.096	105.857	104.932	107.064	107.433	106.610	105.967	105.812	106.686	106.133	105.838	105.363	105.757	104.559	105.258	108.512	105.749	107.694	105.530	105.764	108.778	108.537	104.701	105.457	105.503	108.636	105.041	106.839	107.071	107.845	106.098	106.301	104.513	105.743	104.883	107.147	107.145	105.025	106.458	105.374	105.434	105.233	108.023	105.371	104.781	103.970	105.252	104.166	106.981	104.220	104.759	105.633	107.010	105.230
106.060	107.123	107.019	105.899	107.495	107.810	107.081	106.838	106.128	107.121	106.613	105.996	105.850	106.325	105.500	105.812	109.170	106.323	107.666	106.090	105.805	109.456	109.081	105.630	105.858	106.191	108.922	105.585	107.456	107.215	108.534	106.626	106.793	104.640	106.219	105.479	107.868	107.590	105.537	106.602	106.411	105.960	106.017	108.527	106.336	105.035	104.150	105.719	105.386	108.105	105.038	105.053	106.303	106.912	105.545
106.725	107.528	107.335	106.621	107.678	107.864	107.554	107.127	106.141	107.199	106.948	106.272	106.048	106.519	106.127	106.288	109.432	106.615	108.166	106.949	106.062	109.320	109.378	106.289	106.510	106.662	109.003	105.975	107.693	107.432	109.004	107.142	107.171	104.788	106.537	106.192	108.635	108.320	105.794	107.380	106.831	106.173	105.345	109.518	106.928	105.323	104.515	106.749	105.880	108.236	106.073	105.077	106.588	107.286	105.825
106.702	107.509	107.466	106.523	107.995	107.883	107.655	106.920	105.358	107.163	106.320	105.972	105.443	106.540	105.550	106.137	109.164	106.615	107.882	107.144	106.184	109.037	109.152	106.453	106.320	106.633	108.843	105.510	107.329	107.935	108.624	106.206	107.193	104.502	106.848	105.518	108.474	108.487	105.685	107.655	106.591	106.057	106.111	110.949	106.525	105.507	105.125	106.299	105.780	108.122	106.511	105.753	106.538	107.495	105.845
105.869	107.965	106.098	105.019	105.766	106.642	104.150	106.423	105.040	105.822	105.360	104.932	104.360	106.059	104.024	105.580	108.115	105.936	107.003	106.119	105.511	108.291	107.613	105.688	106.273	106.491	106.857	104.613	106.561	105.885	107.052	103.146	104.643	103.671	106.190	104.364	107.132	107.205	104.365	107.057	105.194	103.551	106.433	109.348	105.398	104.247	104.141	105.866	104.703	106.725	106.189	105.436	104.684	106.585	104.611
106.604	108.764	106.622	106.538	106.423	106.915	104.512	105.926	104.616	105.968	104.834	105.585	104.873	107.379	104.726	106.526	105.491	106.660	103.662	105.698	106.585	104.284	105.095	107.195	107.557	107.624	104.972	105.148	105.428	106.537	103.041	103.841	105.761	104.834	107.456	104.839	107.396	107.730	105.121	107.326	106.145	104.650	106.820	109.838	105.343	104.800	105.052	106.344	105.907	107.824	106.755	105.436	105.492	107.575	104.752
106.896	108.896	107.533	106.398	107.259	107.622	104.865	106.768	105.030	106.957	105.723	106.239	106.054	107.620	105.862	107.116	106.214	107.607	104.754	106.409	107.052	105.245	105.658	107.453	107.343	108.033	106.176	106.093	106.330	107.990	104.289	104.364	105.644	105.575	107.668	105.995	107.663	107.993	105.900	108.642	107.559	105.524	108.007	110.328	106.157	105.538	106.201	106.460	106.518	107.828	107.705	107.112	106.365	108.042	105.414
107.501	109.214	108.613	106.716	108.287	108.232	105.482	107.846	106.174	107.759	106.767	106.510	106.675	108.432	106.716	107.569	107.008	108.467	105.765	107.213	107.417	106.437	106.134	107.876	107.341	108.641	107.067	106.378	107.211	108.505	105.342	105.112	106.695	106.213	108.135	106.859	108.370	108.634	107.065	109.333	108.130	106.255	108.628	110.343	106.851	106.445	107.413	107.013	106.859	108.597	108.528	108.579	106.730	109.024	106.437
107.828	109.642	108.895	106.898	108.471	108.685	106.061	108.201	107.132	108.045	107.520	107.128	107.317	109.009	107.593	107.448	107.394	108.942	105.749	107.683	107.944	106.622	106.972	107.922	107.673	109.371	107.590	106.732	107.491	108.870	105.639	105.834	107.113	106.825	108.436	107.173	109.516	109.495	107.283	109.399	108.292	106.383	109.358	110.301	107.614	106.769	108.103	107.622	107.002	109.007	108.576	108.423	106.997	109.099	107.312
